
0	0	0	0	0	4.02627	14.2151	23.3256	23.3256	25.1993	28.9621	36.3072	40.1013	39.051	39.4436	39.4436	38.5471	36.7447	33.5686	34.4913	36.7849	36.7849	38.4001	38.4001	40.089	40.1029	38.6717	38.6717	35.302	34.2709	32.9956	30.6202	23.7245	23.7245	23.7245	20.9939	15.331	4.29888	3.07589	0.272935	0.272935	0.272935	0.272935	0.136467	0	0	0	0	0	0	0	
0	0	0	0.580278	0.580278	5.29175	15.4806	24.5911	24.5911	29.2266	32.9894	39.7007	43.2445	42.4445	42.837	42.837	42.8614	41.059	37.8828	38.8055	41.593	41.593	40.9526	40.9526	41.9945	42.0085	40.5773	40.5773	39.2323	37.7846	37.221	35.6667	29.7495	29.7495	25.6522	22.9216	17.2587	6.28874	5.11333	2.31037	2.31037	0.272935	0.272935	0.136467	0	0	0	0	0	0	0	
0	0	0	0.580278	0.580278	5.92699	16.1159	26.5045	26.5045	31.14	34.9028	41.2834	44.2783	46.1871	45.4409	45.4409	45.3157	43.7369	40.9258	43.0213	42.8358	42.8358	42.6032	42.6032	44.6344	44.6105	43.4087	43.4087	40.0446	38.5969	38.0333	36.4791	35.0066	35.0066	31.3883	28.6577	22.9948	11.3639	6.61952	3.81656	3.81656	1.77913	1.77913	1.57101	1.17941	0	0	0	0	0	0	
0	0	0	0.580278	3.66767	11.23	21.4189	32.8179	32.8179	36.2491	39.1244	43.7688	46.3908	48.2276	47.4815	47.4815	49.6107	48.032	45.6178	46.5405	43.5769	43.5769	43.0459	43.0459	45.4024	44.7732	43.549	43.549	40.1849	37.2588	34.2983	32.7441	35.1472	35.1472	32.9143	31.3559	30.3205	20.8399	13.904	11.1278	11.1278	5.99696	5.99696	3.36911	2.97751	0	0	0	0	0	0	
0	0.865865	0.865865	1.44614	4.53353	13.0743	25.7687	39.0871	39.0871	41.4545	44.3298	46.8787	48.0415	49.8783	48.2025	48.2025	50.3318	50.909	47.8253	48.748	44.0049	44.0049	43.4739	43.4739	44.7234	44.0942	41.8593	41.8593	38.4952	35.5691	32.8768	30.4113	35.0466	35.0466	32.8137	31.2553	32.0219	28.8648	22.9218	20.9416	20.9416	15.8107	12.0311	5.87215	5.48055	0	0	0	0	0	0	
0	0.865865	0.865865	1.44614	4.53353	13.0743	25.7687	39.0871	39.0871	41.4545	44.3298	46.8787	48.0415	49.8783	48.2025	48.2025	50.3318	50.909	47.8253	48.748	44.0049	44.0049	43.4739	43.4739	44.7234	44.0942	41.8593	41.8593	38.4952	35.5691	32.8768	30.4113	35.0466	35.0466	32.8137	31.2553	32.0219	28.8648	22.9218	20.9416	20.9416	15.8107	12.0311	5.87215	5.48055	0	0	0	0	0	0	
0	0.865865	0.865865	1.44614	4.53353	13.0743	28.1308	41.4492	41.4492	43.9852	46.8605	49.4094	50.7687	52.6055	50.9297	50.9297	53.059	53.2859	49.9542	49.4839	44.7408	44.7408	44.2098	44.2098	46.2637	44.0396	41.8047	41.8047	38.4406	35.5144	32.8222	28.7635	33.3988	33.3988	31.1659	29.6075	30.3741	30.716	27.4766	26.4642	26.4642	23.6698	19.8903	9.72625	5.48055	0.0756572	0.0756572	0.0756572	0.0756572	0	0	
0	0.865865	0.865865	4.06047	7.14786	15.6886	30.7452	43.3667	43.3667	46.0359	48.9112	51.46	52.3297	52.7569	52.1501	52.1501	52.7051	53.7793	51.0173	50.547	45.8039	45.8039	44.4399	44.4399	46.4938	44.2697	42.0348	42.0348	34.7181	31.792	29.0997	25.041	29.6763	29.6763	27.2599	25.7015	26.4681	26.81	23.5706	22.5582	22.5582	24.553	20.7735	10.6094	6.36373	0.883183	0.883183	0.0756572	0.0756572	0	0	
0	3.21493	3.21493	6.40954	9.49692	18.0377	33.0942	43.8155	43.8155	46.4847	49.36	51.9088	53.0992	55.2144	53.5386	53.5386	53.2634	54.3376	52.3622	51.8918	48.9162	48.9162	47.5522	47.5522	49.606	47.382	44.1159	44.1159	36.7992	33.8731	31.1808	27.1222	32.3433	32.3433	29.9269	28.3685	29.1351	29.4769	23.9481	22.9357	22.9357	26.9953	23.519	13.1585	9.10932	0.883183	0.883183	0.0756572	0.0756572	0	0	
1.07879	6.9342	6.9342	10.1288	15.4853	24.9999	37.9875	45.9975	45.9975	48.6666	50.3386	51.0148	52.3741	53.8572	52.1814	52.1814	49.6065	50.6807	51.4304	52.593	52.738	52.738	59.318	59.318	63.5811	61.357	54.027	54.027	46.7103	43.608	39.2305	35.1718	38.4259	38.4259	36.0095	26.748	25.1214	25.4633	18.7723	17.76	17.76	26.0302	24.9738	17.4414	14.359	5.737	5.737	2.69402	2.69402	0.885812	0.885812	
1.92922	9.00242	9.00242	12.197	17.5535	27.4058	38.8914	46.9014	46.9014	49.5706	51.2426	51.7992	55.44	56.923	55.2473	55.2473	52.6724	53.5322	52.5318	53.6944	53.8394	53.8394	60.4194	60.4194	76.8489	74.6248	67.2948	67.2948	59.9781	56.8758	44.5917	35.3772	38.6314	38.6314	36.2149	26.9534	23.7498	20.9003	14.2094	13.197	13.197	21.4673	22.4483	21.1161	18.0337	9.89837	9.89837	7.37852	7.37852	0.885812	0.885812	
1.92922	11.3176	11.3176	14.6821	19.3077	29.2559	40.3085	48.1933	48.1933	50.8624	52.5344	53.0911	56.7319	58.2149	59.5239	59.5239	56.949	57.8088	56.8084	57.971	56.1705	56.1705	62.7505	62.7505	81.3402	82.1709	75.6325	75.6325	68.3158	65.2135	52.9294	43.715	42.7262	42.7262	40.3097	31.0482	27.8446	24.9951	18.3042	15.9681	15.9681	24.2384	25.2193	23.8872	20.8047	11.8086	11.8086	8.7152	8.7152	2.00994	2.00994	
4.48637	13.3336	13.3336	16.5056	20.6837	31.2063	42.9306	50.8154	50.8154	53.4845	55.1565	55.7132	59.3565	60.8395	62.1485	62.1485	59.5736	60.4334	58.2148	59.1797	57.3792	57.3792	63.9592	63.9592	81.6499	87.1527	86.2063	86.2063	78.8896	75.7874	63.5032	44.4368	43.448	43.448	41.0315	31.77	28.5665	23.2943	16.6033	14.2673	14.2673	22.5375	23.5185	25.5062	24.4717	16.625	16.625	14.2245	14.2245	4.22	2.00994	
4.48637	13.3336	13.3336	17.3614	21.5394	32.0621	43.7864	51.6711	51.6711	53.7703	55.4422	55.9989	59.6422	61.1252	62.4342	62.4342	62.6788	63.5386	61.32	62.2849	60.4843	60.4843	70.7618	70.7618	88.4526	93.9554	90.2305	90.2305	89.4525	86.3502	74.0661	54.9996	54.0108	54.0108	48.0061	38.7446	35.541	30.2688	23.5779	21.2418	21.2418	22.5076	23.4886	25.4764	24.4419	16.5952	16.5952	14.2245	14.2245	4.22	2.00994	
4.48637	13.3336	13.3336	17.3614	21.5394	32.0621	43.7864	51.6711	51.6711	53.7703	55.4422	55.9989	59.6422	61.1252	62.4342	62.4342	62.6788	63.5386	61.32	62.2849	60.4843	60.4843	70.7618	70.7618	88.4526	93.9554	90.2305	90.2305	89.4525	86.3502	74.0661	54.9996	54.0108	54.0108	48.0061	38.7446	35.541	30.2688	23.5779	21.2418	21.2418	22.5076	23.4886	25.4764	24.4419	16.5952	16.5952	14.2245	14.2245	4.22	2.00994	
4.48637	13.7698	13.7698	17.7976	21.6545	32.1772	43.9014	51.9492	51.9492	54.0483	55.7722	56.3289	59.9722	63.5279	64.8369	64.8369	65.9971	66.8568	64.6383	65.6031	62.9244	62.9244	75.1719	75.1719	92.8627	98.3655	96.9408	96.9408	96.1628	95.8652	83.5811	64.5146	61.1103	61.1103	55.1056	46.7438	43.5403	38.2681	29.7532	27.4171	27.4171	24.7349	25.7159	27.7036	26.6691	21.7289	21.7289	16.9453	16.9453	6.97397	4.6344	
6.53808	16.0412	16.0412	20.8947	25.4237	35.0088	45.8327	52.2111	52.2111	54.3103	56.0342	59.5709	64.8857	70.5898	71.8988	71.8988	73.059	70.7416	65.2133	66.1782	65.2489	65.2489	77.4964	77.4964	98.6403	97.2546	95.7541	95.7541	94.9761	94.6785	96.9154	86.4067	78.9073	78.9073	72.9026	64.5408	49.5208	42.0695	34.6949	32.3588	32.3588	29.6766	29.333	26.5035	25.469	19.5368	19.5368	17.828	17.828	7.57937	4.68056	
6.53808	15.9741	15.9741	20.8275	26.3306	36.3603	47.4753	53.5696	53.5696	55.6687	57.3926	60.9293	66.2441	71.9483	74.5113	74.5113	75.6715	73.3541	67.8258	68.7907	70.41	70.41	82.6576	82.6576	100.264	98.8779	96.0112	96.0112	95.2332	94.9356	97.1725	86.6639	81.2779	81.2779	75.2731	66.9114	51.8914	44.44	37.0655	34.5967	34.5967	31.9145	31.5709	28.7413	27.7068	18.8257	18.8257	17.4223	17.4223	7.67519	4.77639	
5.80883	15.2449	15.2449	20.0983	25.6014	35.3842	49.0015	55.5612	55.5612	57.6603	59.3842	62.921	68.2033	73.9075	76.4705	76.4705	77.6307	75.3133	70.1811	71.4003	73.0197	73.0197	85.2672	85.2672	99.1814	95.9346	93.0679	93.0679	92.2899	91.9923	94.2292	99.8272	94.4412	94.4412	88.4365	80.0748	65.0548	46.4807	39.1062	36.6374	36.6374	33.9552	33.6115	28.6673	27.199	18.3179	18.3179	16.9145	16.9145	7.16985	4.77639	
5.80883	15.2449	15.2449	20.0983	25.6014	35.3842	49.0015	55.5612	55.5612	57.6603	59.3842	62.921	68.2033	73.9075	76.4705	76.4705	77.6307	75.3133	70.1811	71.4003	73.0197	73.0197	85.2672	85.2672	99.1814	95.9346	93.0679	93.0679	92.2899	91.9923	94.2292	99.8272	94.4412	94.4412	88.4365	80.0748	65.0548	46.4807	39.1062	36.6374	36.6374	33.9552	33.6115	28.6673	27.199	18.3179	18.3179	16.9145	16.9145	7.16985	4.77639	
5.80883	15.2449	15.2449	20.0513	25.452	35.1661	48.9545	55.7808	55.7808	59.0497	60.7736	64.3103	69.5927	75.2968	77.8598	77.8598	78.4717	76.1543	71.0221	72.2413	73.8607	73.8607	81.976	81.976	102.018	98.7713	95.9046	95.9046	93.8992	93.6016	95.8385	101.039	96.0505	96.0505	87.7549	79.3932	64.3732	45.7991	38.4246	35.9558	35.9558	33.2035	32.8599	27.9156	26.4473	17.5662	17.5662	17.3827	17.3827	7.181	4.78754	
5.80883	14.7427	14.7427	19.0456	24.391	34.1051	48.4523	56.6166	56.6166	59.8855	61.6094	65.1462	70.4285	73.9791	76.5422	76.5422	77.154	74.8367	69.7045	70.9236	74.7291	74.7291	82.8444	82.8444	104.244	100.997	98.2984	98.2984	96.293	95.9954	98.2323	100.056	96.973	96.973	88.6774	80.3156	65.2956	46.7216	34.8742	32.4055	32.4055	29.6531	29.3095	24.3652	22.8969	15.9276	15.9276	15.9691	15.9691	6.73035	4.33689	
4.84412	12.56	12.56	17.3523	21.7474	31.1492	45.9257	55.2323	55.2323	58.5012	60.2533	63.5314	68.8138	73.0223	75.5853	75.5853	78.6271	76.3098	73.8636	75.0827	77.7768	77.7768	78.3847	78.3847	95.1252	94.3643	91.3265	91.3265	89.3211	92.1038	95.3257	95.1802	96.1691	96.1691	87.8735	85.4842	72.0915	53.5174	34.5325	32.0638	32.0638	23.2656	22.9219	16.5881	15.1198	13.7495	13.7495	15.129	15.129	7.49476	5.1013	
3.60757	9.56816	9.56816	13.8155	17.4443	27.1456	42.6199	53.0871	53.0871	56.356	58.108	62.2761	64.961	69.1696	70.4312	70.4312	73.473	71.9953	73.4088	74.6279	75.7657	75.7657	76.3735	76.3735	79.0717	83.1703	84.7548	84.7548	85.6066	86.5219	91.2397	90.5287	94.327	94.327	86.0313	83.6421	73.6425	54.0786	35.0937	30.61	30.61	21.8118	19.0499	14.1304	12.6621	13.6696	13.6696	15.0492	15.0492	7.02634	4.63288	
3.60757	9.56816	9.56816	13.8155	17.4443	27.1456	42.6199	53.0871	53.0871	56.356	58.108	62.2761	64.961	69.1696	70.4312	70.4312	73.473	71.9953	73.4088	74.6279	75.7657	75.7657	76.3735	76.3735	79.0717	83.1703	84.7548	84.7548	85.6066	86.5219	91.2397	90.5287	94.327	94.327	86.0313	83.6421	73.6425	54.0786	35.0937	30.61	30.61	21.8118	19.0499	14.1304	12.6621	13.6696	13.6696	15.0492	15.0492	7.02634	4.63288	
0	5.96058	5.96058	10.2079	13.8368	23.538	42.3716	53.3239	53.3239	56.5928	58.3448	62.5129	65.4922	69.7007	70.9624	70.9624	74.0042	72.5265	73.9309	75.1192	76.2569	76.2569	76.8647	76.8647	77.5525	77.6369	79.2214	79.2214	80.0732	80.9884	85.7062	89.0925	91.5872	91.5872	83.2916	80.9023	70.9027	56.5332	37.5483	33.0646	33.0646	24.2664	21.5045	14.8833	11.0362	12.0438	12.0438	13.4234	13.4234	6.86451	4.63288	
0	5.96058	5.96058	8.33472	11.9636	21.6648	40.1399	51.4507	51.4507	54.6028	56.3549	60.523	63.5022	67.7108	68.9725	68.9725	72.7454	71.2677	72.6721	73.8604	74.9982	74.9982	76.7232	76.7232	77.4109	77.4954	79.0798	79.0798	79.5738	80.489	85.2068	88.5931	89.4644	89.4644	84.1404	81.7511	71.7515	57.382	38.3971	33.9134	33.9134	23.8652	21.1033	14.4822	10.6351	11.6427	11.6427	13.0485	13.0485	6.83005	4.59842	
0	4.66493	4.66493	7.03907	10.6679	20.3692	37.2435	50.5679	50.5679	53.72	55.4721	59.6402	62.6194	67.6422	68.9039	68.9039	72.6768	71.1992	72.6036	73.7918	74.0284	74.0284	75.7534	75.7534	76.4411	76.5256	78.0847	78.0847	78.5786	79.4939	84.2117	87.5979	85.8313	85.8313	80.5073	78.118	68.1184	53.7489	38.6506	34.1668	34.1668	24.1187	21.3568	14.7356	10.8886	10.3034	10.3034	11.7092	11.7092	6.46655	4.23491	
0	2.72057	2.72057	5.09471	7.41055	16.0038	30.2455	46.0102	46.0102	50.5296	52.0372	57.3498	60.329	64.241	65.5027	65.5027	69.5595	68.0818	69.4398	70.6281	73.2026	73.2026	75.1339	75.1339	75.9167	76.0011	77.0754	77.0754	77.5693	78.0993	80.6883	84.0746	85.191	85.191	79.8669	75.1359	63.1686	48.7991	34.0318	29.548	29.548	22.7688	20.007	15.6524	11.8054	10.3873	10.3873	10.7724	10.7724	5.42426	3.41884	
0	0.772178	0.772178	3.14632	4.94418	10.9361	23.7787	36.7396	36.7396	41.449	44.9236	51.7375	55.7912	59.7032	62.3135	62.3135	66.3702	67.7945	69.0903	70.2786	73.6532	73.6532	75.5845	75.5845	76.0961	76.1805	78.008	78.008	78.5019	79.032	79.5557	82.3556	83.2701	83.2701	77.946	73.215	59.8508	43.6027	28.8354	24.5236	24.5236	17.7444	16.3149	13.6359	9.7888	10.5265	10.5265	10.9116	10.9116	4.64704	3.54746	
0	0.772178	0.772178	3.14632	4.94418	10.9361	23.7787	36.7396	36.7396	41.449	44.9236	51.7375	55.7912	59.7032	62.3135	62.3135	66.3702	67.7945	69.0903	70.2786	73.6532	73.6532	75.5845	75.5845	76.0961	76.1805	78.008	78.008	78.5019	79.032	79.5557	82.3556	83.2701	83.2701	77.946	73.215	59.8508	43.6027	28.8354	24.5236	24.5236	17.7444	16.3149	13.6359	9.7888	10.5265	10.5265	10.9116	10.9116	4.64704	3.54746	
0	0	0	1.97233	3.69788	9.6898	16.3469	28.1672	28.1672	32.8765	36.3511	44.8037	53.9095	57.8215	60.4317	60.4317	64.4885	65.9128	66.7224	68.0787	71.4534	71.4534	73.3846	73.3846	73.6086	74.7829	76.6104	76.6104	77.1043	77.6343	78.158	77.0299	79.1079	79.1079	74.9351	70.2041	56.8399	42.6395	27.8722	23.5605	23.5605	16.7813	15.3517	13.0596	9.10323	9.84095	9.84095	10.226	10.226	4.37609	3.54746	
0	0	0	0	1.72554	7.71747	14.035	25.8553	25.8553	29.432	32.9066	41.3592	52.1818	56.0938	58.704	58.704	62.1151	63.5394	64.349	65.7053	69.0799	69.0799	71.9328	71.9328	72.1568	73.3311	75.1586	75.1586	75.7382	76.2682	76.7919	75.6638	77.3707	77.3707	74.8939	70.6926	57.3284	43.1279	28.3606	24.0489	24.0489	17.0542	15.6247	13.3326	9.37622	10.1139	10.1139	9.90763	9.90763	4.05771	3.22908	
0	0	0	0	1.72554	7.71747	13.7995	22.1415	22.1415	25.7182	29.1928	37.6454	49.6444	55.0968	57.707	57.707	61.1181	62.5424	63.352	64.7083	68.4096	68.4096	71.2624	71.2624	71.4864	72.6607	74.3413	74.3413	74.921	75.451	75.9747	74.8466	71.3118	71.3118	69.3647	64.6336	51.2695	37.069	29.4269	25.1151	25.1151	18.1205	16.691	14.3988	10.4424	9.61649	9.61649	9.41018	9.41018	3.56026	2.73163	
0	0	0	0	0	2.63234	8.08823	14.7276	14.7276	18.2216	20.6715	27.7916	39.5896	47.4512	50.3741	50.3741	56.6116	58.0359	61.5859	62.9423	66.308	66.308	68.2856	68.2856	68.6856	69.8599	72.429	72.429	73.0086	73.2314	71.2106	69.8931	55.0616	55.0616	53.1145	47.438	37.037	22.8365	25.7103	21.3985	21.3985	19.7692	18.3397	17.2877	13.3314	10.4332	10.4332	9.6335	9.6335	3.60514	2.40017	
0	0	0	0	0	0	3.77207	9.1111	9.1111	12.5889	15.0388	21.2238	33.0473	40.9089	43.8318	43.8318	50.8627	53.6022	59.1618	60.5182	63.8839	63.8839	65.8614	65.8614	67.0441	68.2183	70.7875	70.7875	71.3671	71.2158	64.3995	59.5903	44.7588	44.7588	42.8117	37.1352	32.8173	24.8563	27.7301	23.4183	23.4183	21.789	20.6404	17.1385	13.2959	10.3977	10.3977	8.77156	8.77156	3.60514	2.40017	
0	0	0	0	0	0	3.77207	4.99777	4.99777	8.47557	10.9255	17.1104	28.934	36.7956	39.2624	39.2624	46.2933	49.4357	56.6936	58.1181	62.2558	62.2558	64.2334	64.2334	65.416	66.5903	68.9051	68.9051	69.4848	69.8236	63.0073	58.1981	41.8273	41.8273	39.8802	34.2037	29.8859	21.9248	24.7986	24.5627	24.5627	21.943	20.6822	16.4639	14.4403	10.3077	10.3077	7.91817	7.91817	2.89362	1.54678	
0	0	0	0	0	0	0	1.19865	1.19865	4.67645	7.12636	13.3113	20.5999	28.4615	30.9283	30.9283	37.9592	41.1016	49.4895	51.7848	57.5749	57.5749	59.5524	59.5524	60.9132	61.5217	63.8365	63.8365	64.4162	62.2074	55.3912	46.894	30.5233	30.5233	28.5762	22.8996	18.5818	13.9826	16.8563	16.6205	16.6205	14.9912	13.8425	13.3467	12.5588	8.42615	8.42615	5.87348	5.87348	1.88313	1.54678	
0	0	0	0	0	0	0	1.19865	1.19865	1.51097	3.96087	10.1458	17.4344	25.296	27.7628	27.7628	34.0797	37.2221	46.1077	48.9018	54.9663	54.9663	56.6904	56.6904	58.0511	58.6597	60.9745	60.9745	59.4988	57.2218	50.4056	41.9084	25.5377	25.5377	24.5732	18.8967	14.5788	9.97964	12.8534	12.6175	12.6175	14.2644	13.1158	12.62	11.8321	7.69943	7.69943	5.87348	5.87348	1.88313	1.54678	
0	0	0	0	0	0	0	1.19865	1.19865	1.51097	3.96087	10.1458	17.4344	25.296	27.7628	27.7628	34.0797	37.2221	46.1077	48.9018	54.9663	54.9663	56.6904	56.6904	58.0511	58.6597	60.9745	60.9745	59.4988	57.2218	50.4056	41.9084	25.5377	25.5377	24.5732	18.8967	14.5788	9.97964	12.8534	12.6175	12.6175	14.2644	13.1158	12.62	11.8321	7.69943	7.69943	5.87348	5.87348	1.88313	1.54678	
0	0	0	0	0	0	0	0.898717	0.898717	1.21103	1.77883	7.96379	15.2523	20.2111	22.6779	22.6779	27.1078	30.2502	38.759	41.0544	48.1109	48.1109	50.8806	50.8806	52.2414	52.4118	53.7544	53.7544	52.4607	49.8767	43.0605	34.5633	19.7937	19.7937	18.8292	17.29	12.9721	8.37292	11.0239	10.7881	10.7881	11.0674	9.9188	9.42296	8.63504	6.57287	6.57287	5.08453	5.08453	1.09417	0.757825	
0	0	0	0	0	0	0	0	0	0.312318	0.880115	1.07553	5.62087	7.78185	10.1166	10.1166	14.66	16.1844	22.097	24.3924	31.0658	31.0658	34.5753	34.5753	34.7932	35.4018	34.8944	34.8944	34.4736	31.9322	30.8035	25.5428	16.3754	16.3754	15.4109	13.8716	12.1149	8.41693	9.92569	9.68982	9.68982	9.96919	8.55727	6.60611	5.81819	2.69017	2.69017	1.55597	1.55597	0.484846	0.148498	
0	0	0	0	0	0	0	0	0	0	0	0	4.54534	6.70633	7.25741	7.25741	11.8009	13.3252	19.2379	21.5332	27.5686	27.5686	30.7411	30.7411	30.5052	31.1137	30.1146	30.1146	29.6937	27.3791	26.2505	20.9898	14.4761	14.4761	13.5116	11.9723	10.2156	6.51763	8.02639	8.46851	8.46851	8.74788	7.33596	5.3848	4.59688	2.22833	2.22833	1.40747	1.40747	0.0275715	0	
0	0	0	0	0	0	0	0	0	0	0	0	0	2.16099	2.71207	2.71207	7.25553	8.7799	14.0557	15.3137	21.0896	21.0896	23.5382	23.5382	23.0213	23.8155	22.8163	22.8163	22.213	19.629	18.5004	17.4279	10.9142	10.9142	9.94973	8.41046	6.65377	7.09624	8.60501	7.81696	7.81696	6.4198	6.13339	5.21408	4.51601	2.14746	2.14746	0.734774	0.734774	0	0	
0	0	0	0	0	0	0	0	0	0	0	0	0	2.16099	2.71207	2.71207	7.25553	8.7799	14.0557	15.3137	21.0896	21.0896	23.5382	23.5382	23.0213	23.8155	22.8163	22.8163	22.213	19.629	18.5004	17.4279	10.9142	10.9142	9.94973	8.41046	6.65377	7.09624	8.60501	7.81696	7.81696	6.4198	6.13339	5.21408	4.51601	2.14746	2.14746	0.734774	0.734774	0	0	
0	0	0	0	0	0	0	0	0	0	0	0	0	2.16099	2.71207	2.71207	4.22316	5.74753	11.0234	12.2814	18.3167	18.3167	20.5022	20.5022	19.9852	20.7794	19.7803	19.7803	20.3651	18.2174	17.0888	16.0163	9.50261	9.50261	9.99456	8.45529	6.6986	7.14108	6.93424	6.08171	6.08171	4.8344	4.54798	3.88498	3.43457	1.16678	1.16678	0.734774	0.734774	0	0	
0	0	0	0	0	0	0	0	0	0	0	0	0	0.720476	1.27156	1.27156	2.78265	4.30701	9.58284	10.8408	15.3547	15.3547	17.4669	17.4669	16.95	17.7442	18.1506	18.1506	18.6828	16.0988	14.9701	13.8977	6.94416	6.94416	7.43611	5.89683	4.14014	4.58262	5.48328	4.63074	4.63074	3.38343	3.09702	2.43402	1.98361	1.16678	1.16678	0.734774	0.734774	0	0	
0	0	0	0	0	0	0	0	0	0	0	0	0	0	0	0	0	2.07545	5.00638	6.26438	7.93504	7.93504	9.20206	9.20206	8.87021	9.6644	11.033	11.033	10.6129	10.1876	11.1345	10.062	5.41349	5.41349	5.90544	5.48305	3.58708	4.02956	3.20254	2.35	2.35	1.51051	1.22409	0.918567	0.468157	0.0561016	0.0561016	0.394793	0.394793	0	0	
0	0	0	0	0	0	0	0	0	0	0	0	0	0	0	0	0	0	0.966999	1.96925	2.56364	2.56364	4.09595	4.09595	5.14354	5.06984	5.50708	5.50708	3.85366	3.42835	7.08561	8.19232	5.8078	5.8078	6.29975	5.84875	2.83013	1.64923	1.17811	1.19671	1.19671	0.357218	0.237398	0.529902	0.980312	0.338692	0.338692	0	0	0	0	
0	0	0	0	0	0	0	0	0	0	0	0	0	0	0	0	0	0	0.966999	1.96925	2.56364	2.56364	4.09595	4.09595	5.14354	5.06984	5.50708	5.50708	3.85366	3.42835	7.08561	8.19232	5.8078	5.8078	6.29975	5.84875	2.83013	1.64923	1.17811	1.19671	1.19671	0.357218	0.237398	0.529902	0.980312	0.338692	0.338692	0	0	0	0	
0	0	0	0	0	0	0	0	0	0	0	0	0	0	0	0	0	0	0	0	0.594394	0.594394	1.84805	1.84805	2.94131	2.94131	3.37855	3.37855	1.72513	1.29981	4.95707	3.94148	1.55696	1.55696	2.04891	1.62652	1.42071	0.465814	0.377109	0.395702	0.395702	0.443787	0.563607	1.02627	0.980312	0.338692	0.338692	0	0	0	0	