
0	0	0	0	0	4.02627	14.2151	23.3256	23.3256	25.1993	28.9621	36.3072	40.1013	39.051	39.4436	39.4436	38.5471	36.7447	33.5686	34.4913	36.7849	36.7849	38.4001	38.4001	40.089	40.1029	38.6717	38.6717	35.302	34.2709	32.9956	30.6202	23.7245	23.7245	23.7245	20.9939	15.331	4.29888	3.07589	0.272935	0.272935	0.272935	0.272935	0.136467	0	0	0	0	0	0	0	
0	0	0	0.580278	0.580278	5.29175	15.4806	24.5911	24.5911	29.2266	32.9894	39.7007	43.2445	42.4445	42.837	42.837	42.8614	41.059	37.8828	38.8055	41.593	41.593	40.9526	40.9526	41.9945	42.0085	40.5773	40.5773	39.2323	37.7846	37.221	35.6667	29.7495	29.7495	25.6522	22.9216	17.2587	6.28874	5.11333	2.31037	2.31037	0.272935	0.272935	0.136467	0	0	0	0	0	0	0	
0	0	0	0.580278	0.580278	5.92699	16.1159	26.5045	26.5045	31.14	34.9028	41.2834	44.2783	46.1871	45.4409	45.4409	45.3157	43.7369	40.9258	43.0213	42.8358	42.8358	42.6032	42.6032	44.6344	44.6105	43.4087	43.4087	40.0446	38.5969	38.0333	36.4791	35.0066	35.0066	31.3883	28.6577	22.9948	11.3639	6.61952	3.81656	3.81656	1.77913	1.77913	1.57101	1.17941	0	0	0	0	0	0	
0	0	0	0.580278	3.66767	11.23	21.4189	32.8179	32.8179	36.2491	39.1244	43.7688	46.3908	48.2276	47.4815	47.4815	49.6107	48.032	45.7979	46.7206	43.8921	43.8921	43.3365	43.3365	45.4813	44.852	43.847	43.847	40.4829	37.5814	34.6526	33.0984	35.1472	35.1472	32.9143	31.3559	30.3205	20.8399	13.904	11.1278	11.1278	5.99696	5.99696	3.36911	2.97751	0	0	0	0	0	0	
0	0.865865	0.865865	1.44614	4.53353	13.0743	25.7687	39.0871	39.0871	41.4545	44.3298	46.8787	48.0415	49.8783	48.2025	48.2025	50.3318	50.6067	48.3514	49.2741	44.8013	44.8013	44.2457	44.2457	45.5417	44.9125	43.3479	43.3479	39.9838	37.0823	34.038	31.3518	35.0466	35.0466	32.8137	31.2553	32.0219	28.8648	22.9218	20.9416	20.9416	15.8107	12.0311	5.87215	5.48055	0	0	0	0	0	0	
0	0.865865	0.865865	1.44614	4.53353	13.0743	25.7687	39.0871	39.0871	41.4545	44.3298	46.8787	48.0415	49.8783	48.2025	48.2025	50.3318	50.6067	48.3514	49.2741	44.8013	44.8013	44.2457	44.2457	45.5417	44.9125	43.3479	43.3479	39.9838	37.0823	34.038	31.3518	35.0466	35.0466	32.8137	31.2553	32.0219	28.8648	22.9218	20.9416	20.9416	15.8107	12.0311	5.87215	5.48055	0	0	0	0	0	0	
0	0.865865	0.865865	1.44614	4.53353	13.0743	28.1308	41.4492	41.4492	43.9852	46.8605	49.4094	50.7687	52.6055	50.9297	50.9297	53.059	53.3339	50.6604	50.3676	45.8948	45.8948	45.3392	45.3392	47.4598	44.9008	43.3363	43.3363	39.9722	37.0706	34.0263	29.5645	33.2593	33.2593	31.0264	29.468	30.2346	30.716	27.4766	26.4642	26.4642	23.6698	19.8903	9.72625	5.48055	0.0756572	0.0756572	0.0756572	0.0756572	0	0	
0	0.865865	0.865865	4.06047	7.14786	15.6886	30.7452	43.3667	43.3667	46.0359	48.9112	51.46	52.3297	52.7569	52.1501	52.1501	51.6168	51.8918	51.7235	51.4307	46.9579	46.9579	45.7399	45.7399	47.8605	45.3016	43.737	43.737	36.0327	33.1312	30.0869	25.625	29.3198	29.3198	26.878	25.3196	26.0862	26.5676	23.3282	22.3158	22.3158	24.553	20.7735	10.6094	6.36373	0.883183	0.883183	0.0756572	0.0756572	0	0	
0	3.21493	3.21493	6.40954	9.49692	18.0377	33.0942	43.8155	43.8155	46.4847	49.36	51.9088	53.0992	55.5337	54.927	54.927	54.7579	55.0328	53.0684	52.7756	50.2477	50.2477	49.0297	49.0297	51.1504	48.5914	45.6984	45.6984	37.9941	35.0926	32.0483	27.5865	32.1516	32.1516	29.7098	28.1514	28.918	29.3994	23.7057	22.6933	22.6933	26.9953	23.519	13.1585	9.10932	0.883183	0.883183	0.0756572	0.0756572	0	0	
1.07879	6.9342	6.9342	10.1288	15.4853	24.9999	37.9875	45.9975	45.9975	48.6666	50.3386	51.0148	52.3741	56.8668	55.1911	55.1911	52.4537	52.7286	53.0863	54.7142	55.0585	55.0585	59.7563	59.7563	65.3498	62.7909	55.8442	55.8442	48.1399	47.0614	41.6214	37.1596	40.0135	40.0135	37.5716	27.8607	26.33	26.8113	19.8246	18.8122	18.8122	25.6594	24.603	17.4414	14.359	5.737	5.737	2.69402	2.69402	0.885812	0.885812	
1.92922	9.00242	9.00242	12.197	17.5535	27.4058	38.8914	46.9014	46.9014	49.5706	51.2426	51.7992	55.44	59.9327	58.257	58.257	55.5196	55.9614	54.9503	56.5782	56.9224	56.9224	61.6203	61.6203	77.8093	75.2503	68.3037	68.3037	60.5994	59.5209	46.0913	36.9372	39.7911	39.7911	37.3492	27.6383	24.6265	21.913	14.9263	13.9139	13.9139	20.7611	22.1129	21.1161	18.0337	9.89837	9.89837	7.37852	7.37852	0.885812	0.885812	
1.92922	11.3176	11.3176	14.6821	19.3077	29.2559	40.3085	48.1933	48.1933	50.8624	52.5344	53.0911	56.7319	61.2246	63.6374	63.6374	60.9	61.3418	60.3307	61.9586	58.9641	58.9641	63.6619	63.6619	82.6803	82.6613	76.4318	76.4318	68.7275	67.6491	54.2195	45.0654	44.0128	44.0128	41.571	31.86	28.8482	26.1347	19.148	16.685	16.685	23.5322	24.884	23.8872	20.8047	11.8086	11.8086	8.7152	8.7152	2.00994	2.00994	
4.48637	13.3336	13.3336	16.5056	20.6837	31.2063	42.9306	50.8154	50.8154	53.4845	55.1565	55.7132	58.9274	63.4201	65.8328	65.8328	63.0954	63.5372	61.7962	61.944	58.9495	58.9495	63.6473	63.6473	81.2785	88.0275	86.9627	86.9627	79.2584	78.1799	64.7504	45.7076	44.6551	44.6551	42.2132	32.5023	29.4905	24.5305	17.5437	15.0808	15.0808	21.9279	23.2797	25.5545	24.4717	16.625	16.625	14.2245	14.2245	4.22	2.00994	
4.48637	13.3336	13.3336	17.3614	21.5394	32.0621	43.7864	51.6711	51.6711	53.7703	55.4422	55.9989	59.2131	63.7058	66.1186	66.1186	66.1022	66.544	64.8029	64.9508	61.9563	61.9563	72.4947	72.4947	90.1259	96.8749	90.8162	90.8162	90.0382	88.9598	75.5302	56.4875	55.4349	55.4349	50.8973	41.1864	38.1745	33.2145	26.2278	23.7648	23.7648	21.8981	23.2498	25.5246	24.4419	16.5952	16.5952	14.2245	14.2245	4.22	2.00994	
4.48637	13.3336	13.3336	17.3614	21.5394	32.0621	43.7864	51.6711	51.6711	53.7703	55.4422	55.9989	59.2131	63.7058	66.1186	66.1186	66.1022	66.544	64.8029	64.9508	61.9563	61.9563	72.4947	72.4947	90.1259	96.8749	90.8162	90.8162	90.0382	88.9598	75.5302	56.4875	55.4349	55.4349	50.8973	41.1864	38.1745	33.2145	26.2278	23.7648	23.7648	21.8981	23.2498	25.5246	24.4419	16.5952	16.5952	14.2245	14.2245	4.22	2.00994	
4.48637	13.7698	13.7698	17.7976	21.6545	32.1772	43.9014	51.9492	51.9492	54.0483	55.7722	56.3289	59.5431	64.3084	66.7212	66.7212	68.1697	68.6115	66.8704	67.0182	64.2956	64.2956	76.2548	76.2548	93.886	100.635	97.0898	97.0898	96.3119	96.4796	83.05	64.0073	59.8839	59.8839	55.3463	47.1679	44.1561	39.1961	30.7665	28.3035	28.3035	23.9708	25.3225	27.5973	26.5146	21.7289	21.7289	16.9453	16.9453	6.97397	4.6344	
6.53808	16.0412	16.0412	20.8947	25.4237	35.0088	45.8327	52.2111	52.2111	54.3103	56.0342	59.5709	64.4566	71.3054	73.7182	73.7182	75.1667	73.4153	69.0496	69.1974	67.5493	67.5493	79.5085	79.5085	99.2811	97.8953	97.061	97.061	96.283	96.4508	99.4775	88.9892	78.4041	78.4041	73.8664	65.6881	50.8914	43.8673	37.0532	34.5902	34.5902	30.2575	29.8022	26.7011	25.6183	19.5368	19.5368	17.828	17.828	7.57937	4.68056	
6.53808	15.9741	15.9741	20.8275	26.3306	36.3603	47.4753	53.5696	53.5696	55.6687	57.3926	60.9293	65.815	72.6639	75.336	75.336	76.7845	75.0331	70.6674	70.8152	71.9664	71.9664	83.9256	83.9256	102.992	101.606	98.9578	98.9578	98.1798	98.3475	101.374	90.886	80.6477	80.6477	76.1101	67.9317	53.135	46.1109	39.2969	37.1657	37.1657	32.833	32.3777	29.2766	28.1938	18.8257	18.8257	17.4223	17.4223	7.67519	4.77639	
5.80883	15.2449	15.2449	20.0983	25.6014	35.3842	49.0015	55.5612	55.5612	57.6603	59.3842	62.921	68.2033	75.0522	77.7243	77.7243	79.1728	77.4214	72.1552	73.0312	74.1823	74.1823	86.1415	86.1415	100.95	96.7443	94.0961	94.0961	93.3181	93.4859	96.5126	104.032	94.0301	94.0301	89.4925	81.3141	66.5174	45.1262	38.3121	36.1809	36.1809	31.8482	31.3929	27.6898	27.6859	18.3179	18.3179	16.9145	16.9145	7.16985	4.77639	
5.80883	15.2449	15.2449	20.0983	25.6014	35.3842	49.0015	55.5612	55.5612	57.6603	59.3842	62.921	68.2033	75.0522	77.7243	77.7243	79.1728	77.4214	72.1552	73.0312	74.1823	74.1823	86.1415	86.1415	100.95	96.7443	94.0961	94.0961	93.3181	93.4859	96.5126	104.032	94.0301	94.0301	89.4925	81.3141	66.5174	45.1262	38.3121	36.1809	36.1809	31.8482	31.3929	27.6898	27.6859	18.3179	18.3179	16.9145	16.9145	7.16985	4.77639	
5.80883	15.2449	15.2449	20.0513	25.452	35.1661	48.9545	55.7808	55.7808	59.0497	60.7736	64.3103	69.5927	76.4415	79.1137	79.1137	81.1766	79.4251	74.1589	75.0349	76.186	76.186	83.3253	83.3253	102.597	98.3912	95.7431	95.7431	94.5637	94.7314	97.7582	102.347	95.2757	95.2757	88.4467	80.2683	65.4716	44.0803	37.2663	35.1351	35.1351	31.3518	30.8965	27.1934	27.1896	17.8215	17.8215	17.3827	17.3827	7.181	4.78754	
5.80883	14.7427	14.7427	19.0456	24.391	34.1051	48.4523	56.6166	56.6166	59.8855	61.6094	65.1462	70.4285	74.3411	77.0133	77.0133	79.0762	77.3247	72.0585	72.9345	77.9513	77.9513	85.0906	85.0906	106.807	102.601	100.153	100.153	98.9738	99.1415	102.168	101.725	96.5689	96.5689	89.7399	81.5615	66.7648	45.3736	36.4278	34.2966	34.2966	30.5133	30.058	26.3549	26.3511	16.1829	16.1829	15.9691	15.9691	6.73035	4.33689	
4.84412	12.56	12.56	17.3523	21.7474	31.1492	45.9257	55.2323	55.2323	58.5012	60.2533	63.5314	68.8138	73.0223	75.6945	75.6945	79.0743	77.3229	74.5686	75.4446	80.1042	80.1042	80.9949	80.9949	97.3862	93.1802	93.2374	93.2374	92.058	96.0999	99.9706	97.2107	95.8054	95.8054	88.9764	86.9246	73.9811	52.5898	36.4998	34.3686	34.3686	24.3853	23.93	18.6114	18.6076	14.0048	14.0048	15.129	15.129	7.49476	5.1013	
3.60757	9.56816	9.56816	13.8155	17.4443	27.1456	42.6199	53.0871	53.0871	56.356	58.108	62.2761	64.961	69.1696	70.4312	70.4312	73.8111	72.389	73.4319	74.3079	77.4629	77.4629	78.3536	78.3536	81.4909	85.9526	87.8312	87.8312	89.0078	89.7771	94.411	93.6399	93.9632	93.9632	87.1342	85.0825	75.758	53.6028	37.5128	35.756	35.756	25.7727	22.6733	18.5431	18.5393	13.925	13.925	15.0492	15.0492	7.02634	4.63288	
3.60757	9.56816	9.56816	13.8155	17.4443	27.1456	42.6199	53.0871	53.0871	56.356	58.108	62.2761	64.961	69.1696	70.4312	70.4312	73.8111	72.389	73.4319	74.3079	77.4629	77.4629	78.3536	78.3536	81.4909	85.9526	87.8312	87.8312	89.0078	89.7771	94.411	93.6399	93.9632	93.9632	87.1342	85.0825	75.758	53.6028	37.5128	35.756	35.756	25.7727	22.6733	18.5431	18.5393	13.925	13.925	15.0492	15.0492	7.02634	4.63288	
0	5.96058	5.96058	10.2079	13.8368	23.538	42.3716	53.3239	53.3239	56.5928	58.3448	62.5129	65.4922	69.7007	70.9624	70.9624	74.3422	72.9201	74.2972	75.4855	78.6405	78.6405	79.5312	79.5312	80.2949	80.3793	82.2578	82.2578	83.4345	84.2038	88.8377	92.2037	91.2235	91.2235	84.3945	82.3427	73.0183	52.6156	36.5256	34.7689	34.7689	24.7855	21.6861	17.5752	16.9134	12.2991	12.2991	13.4234	13.4234	6.86451	4.63288	
0	5.96058	5.96058	8.33472	11.9636	21.6648	40.1399	51.4507	51.4507	54.6028	56.3549	60.523	63.5022	67.7108	68.9725	68.9725	73.1075	71.6854	73.0624	74.2507	77.4058	77.4058	78.9147	78.9147	79.6783	79.7628	81.6413	81.6413	82.1352	82.9046	87.5384	90.9045	89.4644	89.4644	84.6807	82.629	73.3045	52.9019	36.8119	35.0551	35.0551	23.7017	20.6023	16.4914	15.8296	11.2153	11.2153	13.0485	13.0485	6.83005	4.59842	
0	4.66493	4.66493	7.03907	10.6679	20.3692	37.2435	50.5679	50.5679	53.72	55.4721	59.6402	62.6194	67.6422	68.9039	68.9039	73.0389	71.6168	72.9938	74.1821	75.7238	75.7238	77.2327	77.2327	77.9964	78.0808	80.2854	80.2854	80.7793	81.5487	86.1825	89.5485	85.8313	85.8313	81.0476	78.9959	69.6714	49.2688	36.0486	34.2919	34.2919	22.9385	19.839	15.7281	15.0664	9.87601	9.87601	11.7092	11.7092	6.46655	4.23491	
0	2.72057	2.72057	5.09471	7.41055	16.0038	30.2455	46.0102	46.0102	50.5296	52.0372	57.3498	60.329	64.241	65.5027	65.5027	69.5595	68.1374	69.9989	71.1871	74.3354	74.3354	76.2667	76.2667	76.5175	76.602	78.692	78.692	79.1859	79.716	82.2981	85.6641	85.191	85.191	80.4073	76.0742	64.8424	44.4398	31.6111	29.8543	29.8543	21.7095	18.61	16.7053	16.0436	9.95998	9.95998	10.7724	10.7724	5.42426	3.41884	
0	0.772178	0.772178	3.14632	4.94418	10.9361	23.7787	36.7396	36.7396	41.449	44.9236	51.7375	55.7912	59.7032	62.3135	62.3135	66.3702	67.7945	69.0903	70.2786	73.6532	73.6532	75.5845	75.5845	76.0961	76.1805	78.008	78.008	78.5019	79.032	79.5557	82.3556	84.4335	84.4335	80.3514	76.0183	63.6366	41.6022	28.7735	27.2099	27.2099	19.065	17.0511	16.5749	15.9132	10.0992	10.0992	10.9116	10.9116	4.64704	3.54746	
0	0.772178	0.772178	3.14632	4.94418	10.9361	23.7787	36.7396	36.7396	41.449	44.9236	51.7375	55.7912	59.7032	62.3135	62.3135	66.3702	67.7945	69.0903	70.2786	73.6532	73.6532	75.5845	75.5845	76.0961	76.1805	78.008	78.008	78.5019	79.032	79.5557	82.3556	84.4335	84.4335	80.3514	76.0183	63.6366	41.6022	28.7735	27.2099	27.2099	19.065	17.0511	16.5749	15.9132	10.0992	10.0992	10.9116	10.9116	4.64704	3.54746	
0	0	0	1.97233	3.69788	9.6898	16.3469	28.1672	28.1672	32.8765	36.3511	44.8037	53.9095	57.8215	60.4317	60.4317	64.4885	65.9128	66.7224	68.0787	71.4534	71.4534	73.3846	73.3846	73.6086	74.7829	76.6104	76.6104	77.1043	77.6343	78.158	77.0299	79.1079	79.1079	77.3405	73.0074	60.6257	40.6351	27.8064	26.2427	26.2427	18.0979	16.0839	15.9966	15.2276	9.4136	9.4136	10.226	10.226	4.37609	3.54746	
0	0	0	0	1.72554	7.71747	14.035	25.8553	25.8553	29.432	32.9066	41.3592	52.1818	56.0938	58.704	58.704	62.1151	63.5394	64.349	65.7053	69.0799	69.0799	71.9328	71.9328	72.1568	73.3311	75.1586	75.1586	75.7382	76.2682	76.7919	75.6638	77.7417	77.7417	74.8939	71.7657	59.3839	39.3933	26.5646	25.001	25.001	18.7982	16.7843	16.697	15.9279	10.1139	10.1139	9.90763	9.90763	4.05771	3.22908	
0	0	0	0	1.72554	7.71747	13.7995	22.1415	22.1415	25.7182	29.1928	37.6454	49.6444	55.0968	57.707	57.707	61.1181	62.5424	63.352	64.7083	68.4096	68.4096	71.2624	71.2624	71.4864	72.6607	74.3413	74.3413	74.921	75.451	75.9747	74.8466	73.1053	73.1053	70.2575	66.2779	53.8961	33.9055	25.7625	24.1989	24.1989	17.9962	15.9822	15.8949	15.1258	9.61649	9.61649	9.41018	9.41018	3.56026	2.73163	
0	0	0	0	0	2.63234	8.08823	14.7276	14.7276	18.2216	20.6715	27.7916	39.5896	47.4512	50.3741	50.3741	56.6116	58.0359	61.5859	62.9423	66.308	66.308	68.2856	68.2856	68.6856	69.8599	72.429	72.429	73.0086	73.2314	70.748	69.4304	58.6158	58.6158	55.4788	51.383	43.4785	23.4879	23.8821	22.3185	22.3185	20.2984	18.2844	18.3859	17.2823	10.4332	10.4332	9.6335	9.6335	3.60514	2.40017	
0	0	0	0	0	0	3.77207	9.1111	9.1111	12.5889	15.0388	21.2238	33.0473	40.9089	43.8318	43.8318	50.8627	53.6022	59.1618	60.5182	63.8839	63.8839	65.8614	65.8614	67.0441	68.2183	70.7875	70.7875	71.3671	71.2158	63.2674	57.3949	46.5802	46.5802	43.4433	39.3474	38.2938	25.9032	26.2975	24.7339	24.7339	22.6176	20.8824	17.1385	15.8953	10.3977	10.3977	8.77156	8.77156	3.60514	2.40017	
0	0	0	0	0	0	3.77207	4.99777	4.99777	8.47557	10.9255	17.1104	28.934	36.7956	39.2624	39.2624	46.2933	49.4357	56.6936	58.1181	62.2558	62.2558	64.2334	64.2334	65.416	66.5903	68.9051	68.9051	69.4848	69.8236	61.8752	56.0027	42.7905	42.7905	39.6536	35.5577	34.5041	22.1135	22.5078	21.2651	21.2651	19.245	17.4137	14.8816	14.1126	10.3077	10.3077	7.91817	7.91817	2.89362	1.54678	
0	0	0	0	0	0	0	1.19865	1.19865	4.67645	7.12636	13.3113	20.5999	28.4615	30.9283	30.9283	37.9592	41.1016	49.4895	51.7848	57.5749	57.5749	59.5524	59.5524	60.9132	61.5217	63.8365	63.8365	64.4162	62.2074	54.2591	41.8675	28.6554	28.6554	25.5184	21.4226	20.3689	20.5459	20.9401	19.6975	19.6975	17.6774	15.8461	13.019	12.2311	8.42615	8.42615	5.87348	5.87348	1.88313	1.54678	
0	0	0	0	0	0	0	1.19865	1.19865	1.51097	3.96087	10.1458	17.4344	25.296	27.7628	27.7628	34.0797	37.2221	46.1077	48.9018	54.9663	54.9663	56.6904	56.6904	58.0511	58.6597	60.9745	60.9745	59.6944	57.4174	49.4691	37.0776	23.8654	23.8654	22.3695	18.2736	17.22	17.3969	17.7912	16.5486	16.5486	16.9506	15.1194	12.2923	11.5044	7.69943	7.69943	5.87348	5.87348	1.88313	1.54678	
0	0	0	0	0	0	0	1.19865	1.19865	1.51097	3.96087	10.1458	17.4344	25.296	27.7628	27.7628	34.0797	37.2221	46.1077	48.9018	54.9663	54.9663	56.6904	56.6904	58.0511	58.6597	60.9745	60.9745	59.6944	57.4174	49.4691	37.0776	23.8654	23.8654	22.3695	18.2736	17.22	17.3969	17.7912	16.5486	16.5486	16.9506	15.1194	12.2923	11.5044	7.69943	7.69943	5.87348	5.87348	1.88313	1.54678	
0	0	0	0	0	0	0	0.898717	0.898717	1.21103	1.77883	7.96379	15.2523	20.2111	22.6779	22.6779	27.1078	30.2502	38.759	41.0544	48.1109	48.1109	50.8806	50.8806	52.2414	52.4118	53.7544	53.7544	52.6563	50.4417	42.4933	30.1018	19.8531	19.8531	18.3571	16.4484	15.3948	15.5717	14.7087	13.466	13.466	14.0813	12.25	9.42296	8.63504	6.57287	6.57287	5.08453	5.08453	1.09417	0.757825	
0	0	0	0	0	0	0	0	0	0.312318	0.880115	1.07553	5.62087	7.78185	10.1166	10.1166	14.66	16.1844	22.097	24.3924	31.0658	31.0658	34.5753	34.5753	34.7932	35.4018	34.8944	34.8944	34.4736	32.4972	31.1509	22.2667	16.614	16.614	15.1181	13.2094	11.6704	11.5958	10.5966	9.35394	9.35394	9.96919	8.55727	6.60611	5.81819	2.69017	2.69017	1.55597	1.55597	0.484846	0.148498	
0	0	0	0	0	0	0	0	0	0	0	0	4.54534	6.70633	7.25741	7.25741	11.8009	13.3252	19.2379	21.5332	27.5686	27.5686	30.7411	30.7411	30.5052	31.1137	30.1146	30.1146	29.6937	27.9441	26.5978	17.7136	13.8766	13.8766	12.3806	10.4719	8.93294	8.85837	7.85909	8.13262	8.13262	8.74788	7.33596	5.3848	4.59688	2.22833	2.22833	1.40747	1.40747	0.0275715	0	
0	0	0	0	0	0	0	0	0	0	0	0	0	2.16099	2.71207	2.71207	7.25553	8.7799	14.0557	15.3137	21.0896	21.0896	23.5382	23.5382	23.0213	23.8155	22.8163	22.8163	22.3954	20.194	18.8477	16.0863	12.2493	12.2493	10.7533	8.84465	7.30564	9.43699	8.43771	7.81696	7.81696	6.4198	6.13339	5.21408	4.51601	2.14746	2.14746	0.734774	0.734774	0	0	
0	0	0	0	0	0	0	0	0	0	0	0	0	2.16099	2.71207	2.71207	7.25553	8.7799	14.0557	15.3137	21.0896	21.0896	23.5382	23.5382	23.0213	23.8155	22.8163	22.8163	22.3954	20.194	18.8477	16.0863	12.2493	12.2493	10.7533	8.84465	7.30564	9.43699	8.43771	7.81696	7.81696	6.4198	6.13339	5.21408	4.51601	2.14746	2.14746	0.734774	0.734774	0	0	
0	0	0	0	0	0	0	0	0	0	0	0	0	2.16099	2.71207	2.71207	4.22316	5.74753	11.0234	12.2814	18.3167	18.3167	20.5022	20.5022	19.9852	20.7794	19.7803	19.7803	19.9776	17.7631	16.4167	13.6554	9.81831	9.81831	11.134	9.22536	7.68636	8.73954	6.93424	6.08171	6.08171	4.8344	4.54798	3.88498	3.43457	1.16678	1.16678	0.734774	0.734774	0	0	
0	0	0	0	0	0	0	0	0	0	0	0	0	0.720476	1.27156	1.27156	2.78265	4.30701	9.58284	10.8408	15.3547	15.3547	17.4669	17.4669	16.95	17.7442	18.1506	18.1506	17.859	15.6444	14.2981	11.5367	7.75537	7.75537	9.0711	7.16243	5.62342	7.75477	5.48328	4.63074	4.63074	3.38343	3.09702	2.43402	1.98361	1.16678	1.16678	0.734774	0.734774	0	0	
0	0	0	0	0	0	0	0	0	0	0	0	0	0	0	0	0	2.07545	5.00638	6.26438	7.93504	7.93504	9.20206	9.20206	8.87021	9.6644	11.033	11.033	9.78912	10.7144	10.9985	8.23713	6.31556	6.31556	7.63128	5.85832	4.62519	5.47665	3.20254	2.35	2.35	1.51051	1.22409	0.918567	0.468157	0.0561016	0.0561016	0.394793	0.394793	0	0	
0	0	0	0	0	0	0	0	0	0	0	0	0	0	0	0	0	0	0.966999	1.96925	2.56364	2.56364	4.09595	4.09595	5.14354	5.06984	5.50708	5.50708	3.02989	3.95515	6.50065	5.46958	3.72436	3.72436	5.04008	3.26712	1.33165	2.28853	1.17811	1.19671	1.19671	0.357218	0.237398	0.529902	0.980312	0.338692	0.338692	0	0	0	0	
0	0	0	0	0	0	0	0	0	0	0	0	0	0	0	0	0	0	0.966999	1.96925	2.56364	2.56364	4.09595	4.09595	5.14354	5.06984	5.50708	5.50708	3.02989	3.95515	6.50065	5.46958	3.72436	3.72436	5.04008	3.26712	1.33165	2.28853	1.17811	1.19671	1.19671	0.357218	0.237398	0.529902	0.980312	0.338692	0.338692	0	0	0	0	
0	0	0	0	0	0	0	0	0	0	0	0	0	0	0	0	0	0	0	0	0.594394	0.594394	1.84805	1.84805	2.94131	2.94131	3.37855	3.37855	0.901356	1.82662	4.37212	3.06187	1.31664	1.31664	2.63236	0.859397	1.07607	1.10511	0.377109	0.395702	0.395702	0.443787	0.563607	1.02627	0.980312	0.338692	0.338692	0	0	0	0	